strategic_region={
	id=13
	name="STRATEGICREGION_13"
	provinces={
		63 94 145 194 210 284 294 807 921 944 1030 1102 1259 1293 1450 1479 1619 1706 1924 2004 2018 2073 2102 2106 2182 2281 2286 2382 2396 2411 2880 2882 2919 3131 3402 3490 3655 3690 3795 3799 3872 3898 3928 3958 3999 4114 4161 4221 4255 4314 4382 4433 4451 4578 4720 4724 4759 4774 4775 4809 5696 6419 8006 8078 8104 8638 8755 9087 9703 9763 9797 9861 9944 10288 10840 10905 10989 77 187 400 467 633 2048 2809 2846 2947 2987 3152 3641 3664 3771 3922 3946 3962 4035 5736 6107 6796 6996 7001 7135 7140 7144 7235 7372 7377 7752 7768 7938 8192 164 174 465 468 515 531 540 610 676 1246 1301 1369 2454 2516 2551 2624 2641 2650 2662 2746 2856 2932 2974 3070 3073 3126 3129 3564 6806 6842 6870 6934 6939 6941 6956 6965 7010 7025 7034 7037 7064 7115 7119 7298 7361 8019 8359 8705 13097 13107 204 207 212 317 762 943 982 1008 1213 1376 1896 2005 2038 2104 2117 2128 2253 2676 2775 2844 2854 2906 2927 2944 3064 3188 3762 3876 4287 4627 5053 5114 5157 5222 7072 7313 7428 7505 7542 7672 7687 7706 7713 7818 7937 8002 8107 8135 8160 8227 8264 8315 8454 8550 8590 8765 8982 9127 13161 559 567 886 901 952 995 1007 1889 2016 2057 2078 2089 3201 3228 3363 3465 3521 3717 3856 3908 4354 4450 7142 7198 7244 7259 7318 7321 7573 7590 230 772 1580 1624 1635 1977 2065 2071 2095 2172 2203 2741 3195 3280 3293 3316 3322 3483 3866 3942 3983 4099 4251 4359 4487 4661 6959 7117 7315 7357 7621 7647 8879 9079 9130 9140 9287 10316 2006 2019 3491 3604 4090 4233 4363 4387 4515 4530 4556 4569 4861 4862 4999 5048 5073 5091 5094 5154 5365 5796 6018 6277 6293 6467 6553 6554 6562 6652 6686 6693 6705 6745 7095 7105 7149 7297 7352 7436 7546 7637 7925 8007 8010 8185 8305 8831 9040 9052 9068 9294 9340 9478 9762 10026 10958 11081 11084 242 266 582 2160 2180 2495 3910 3977 4075 4184 4642 4644 4735 4966 5320 5575 5702 6134 6455 6472 6507 6711 6746 9925 10408 10414 10547 10576 10704 10805 10813 10824 10888 10969 10975 11040 3806 3956 4563 4666 4689 5661 6077 6384 6443 6516 6517 6567 6569 6573 6599 6621 6641 6642 6676 6679 6714 6718 6722 6739 9992 10115 10391 10575 10698 10748 10801 10814 10822 10860 10880 10896 10961 11028 11031 11055 11057 11072 11075 13131 13140 
	}
	
	weather={
		period={
			between={ 0.0 30.0 }
			temperature={ -20.0 -19.0 }
			no_phenomenon=0.537280
			rain_light=0.257066
			rain_heavy=0.000000
			snow=0.102827
			blizzard=0.102827
			arctic_water=0.000
			mud=0.025707
			sandstorm=0.000000
			min_snow_level=0.000
		}
		period={
			between={ 0.1 27.1 }
			temperature={ -20.0 -19.0 }
			no_phenomenon=0.537280
			rain_light=0.257066
			rain_heavy=0.000000
			snow=0.102827
			blizzard=0.102827
			arctic_water=0.000
			mud=0.025707
			sandstorm=0.000000
			min_snow_level=0.000
		}
		period={
			between={ 0.2 30.2 }
			temperature={ -20.0 -19.0 }
			no_phenomenon=0.537280
			rain_light=0.257066
			rain_heavy=0.000000
			snow=0.102827
			blizzard=0.102827
			arctic_water=0.000
			mud=0.025707
			sandstorm=0.000000
			min_snow_level=0.000
		}
		period={
			between={ 0.3 29.3 }
			temperature={ -19.0 -18.0 }
			no_phenomenon=0.541974
			rain_light=0.254720
			rain_heavy=0.002347
			snow=0.102827
			blizzard=0.098133
			arctic_water=0.000
			mud=0.025941
			sandstorm=0.000000
			min_snow_level=0.000
		}
		period={
			between={ 0.4 30.4 }
			temperature={ -13.0 -12.0 }
			no_phenomenon=0.604071
			rain_light=0.227515
			rain_heavy=0.029551
			snow=0.095138
			blizzard=0.043724
			arctic_water=0.000
			mud=0.028662
			sandstorm=0.000000
			min_snow_level=0.000
		}
		period={
			between={ 0.5 29.5 }
			temperature={ 6.000 7.000 }
			no_phenomenon=0.742934
			rain_light=0.147416
			rain_heavy=0.109650
			snow=0.000000
			blizzard=0.000000
			arctic_water=0.000
			mud=0.036672
			sandstorm=0.000000
			min_snow_level=0.000
		}
		period={
			between={ 0.6 30.6 }
			temperature={ 25.00 26.00 }
			no_phenomenon=0.742934
			rain_light=0.065946
			rain_heavy=0.191121
			snow=0.000000
			blizzard=0.000000
			arctic_water=0.000
			mud=0.044819
			sandstorm=0.000000
			min_snow_level=0.000
		}
		period={
			between={ 0.7 30.7 }
			temperature={ 6.000 7.000 }
			no_phenomenon=0.742934
			rain_light=0.147416
			rain_heavy=0.109650
			snow=0.000000
			blizzard=0.000000
			arctic_water=0.000
			mud=0.036672
			sandstorm=0.000000
			min_snow_level=0.000
		}
		period={
			between={ 0.8 29.8 }
			temperature={ -13.0 -12.0 }
			no_phenomenon=0.604071
			rain_light=0.227515
			rain_heavy=0.029551
			snow=0.095138
			blizzard=0.043724
			arctic_water=0.000
			mud=0.028662
			sandstorm=0.000000
			min_snow_level=0.000
		}
		period={
			between={ 0.9 30.9 }
			temperature={ -19.0 -18.0 }
			no_phenomenon=0.541974
			rain_light=0.254720
			rain_heavy=0.002347
			snow=0.102827
			blizzard=0.098133
			arctic_water=0.000
			mud=0.025941
			sandstorm=0.000000
			min_snow_level=0.000
		}
		period={
			between={ 0.10 29.10 }
			temperature={ -20.0 -19.0 }
			no_phenomenon=0.537280
			rain_light=0.257066
			rain_heavy=0.000000
			snow=0.102827
			blizzard=0.102827
			arctic_water=0.000
			mud=0.025707
			sandstorm=0.000000
			min_snow_level=0.000
		}
		period={
			between={ 0.11 30.11 }
			temperature={ -20.0 -19.0 }
			no_phenomenon=0.537280
			rain_light=0.257066
			rain_heavy=0.000000
			snow=0.102827
			blizzard=0.102827
			arctic_water=0.000
			mud=0.025707
			sandstorm=0.000000
			min_snow_level=0.000
		}
		
	}
}
