1 36 6599 4689 6599 11031 11072 11075 6739 6722 6569 4233 4387 6277 5796 5612 9631 8068 2977 8288 8152 7744 5175 3002 3173 1004 836 977 7797 7904 5291 5267 7533 5104 7482 7552 5158 13129 
1 3 1120 8918 13124 
1 40 4332 5481 5547 5632 8820 3257 3487 3403 3416 3408 3301 9248 9705 3548 9629 840 812 7891 3135 7875 5178 8188 3947 4843 4528 4839 28 2308 89 2847 4553 10694 10454 6661 6744 4590 11044 4531 10924 9876 
1 26 4332 4364 6698 10996 4615 6704 6602 11024 6600 6535 10725 11008 11041 4505 11038 11007 6708 6649 6461 10489 6499 10539 10998 11009 6494 13034 
1 4 9876 10924 11037 10674 
1 10 3601 5742 9683 5264 7636 8166 7860 8183 2837 13150 
1 17 1914 10855 10982 6469 6699 10784 6540 10715 6692 10709 6646 6622 6643 10686 10741 10665 4117 
1 15 1846 9926 1867 6359 6501 6667 6651 4510 4587 6660 10655 4032 10028 1097 655 
1 9 1080 1332 3455 1837 9824 2791 817 1053 1292 
1 7 655 1097 9650 8677 1516 1629 1799 
1 12 1292 8756 9608 1769 6110 6538 4151 10381 4002 10342 1800 1303 
1 31 1518 8725 1401 5504 5509 5674 3657 3477 8893 9560 9018 3271 2923 7809 7184 7145 7350 5642 5482 5650 9394 2245 5858 6442 6491 6295 5857 10346 9538 9296 3272 
