
state={
	id=73
	name="STATE_73"
	manpower = 40304214
	
	state_category = town
	resources={
		aluminium=21
		chromium=0
		oil=0
		rubber=0
		steel=9
		tungsten=0
	}

	history={
		owner = RUE
		buildings = {
			infrastructure = 2
			air_base = 0
			arms_factory = 0
			industrial_complex = 1
			dockyard = 1
			
		}
		add_core_of = RUE
	}

	provinces={
		17 20 32 46 101 102 109 219 223 234 236 237 297 352 414 421 454 491 533 547 576 591 613 695 753 1016 1067 1103 1123 1234 1242 1298 1436 1528 1670 1877 1986 2007 2024 2029 2083 2103 2163 2204 2231 2241 2251 2395 2422 2488 2601 2693 2896 2905 3052 3113 3262 3514 3577 3606 3649 3651 3652 3758 3877 3887 3915 3941 4102 4131 4168 4218 4240 4246 4247 4249 4343 4379 4460 4517 4723 4782 4882 5480 5520 5535 5540 5570 5662 6156 6263 6282 6342 6846 6905 7032 7161 7439 7633 7730 7736 7753 7789 7794 7819 7895 8023 8049 8186 8215 8438 8486 8535 8615 8623 8689 8694 8699 8707 8731 8782 9010 9182 9595 9701 9747 9790 9846 9892 10112 10277 10287 10323 10470 10580 10712 10719 10800 10898 12781 12993 12994 13001 
	}
	local_supplies=0.0 
}
